1111111111111111111111111
1333333333331333333333331
1311113111131311113111131
1411113111131311113111141
1311113111131311113111131
1333333333333333333333331
1311113113111113113111131
1311113113111113113111131
1333333113331333113333331
1111113111101011113111111
0000013111101011113100000
0000013110000000113100000
1111113110110110113111111
1000003000100010003000001
1111113110111110113111111
0000013110000000113100000
0000013110111110113100000
1111113110111110113111111
1333333333331333333333331
1311113111131311113111131
1311113111131311113111131
1433113333333333333113341
1113113113111113113113111
1113113113111113113113111
1333333113331333113333331
1311111111131311111111131
1311111111131311111111131
1333333333333333333333331
1111111111111111111111111